##FastQC	0.10.1
>>Basic Statistics	pass
#Measure	Value	
Filename	input_example.txt	
File type	Conventional base calls	
Encoding	Sanger / Illumina 1.9	
Total Sequences	55117	
Filtered Sequences	0	
Sequence length	100	
%GC	40	
>>END_MODULE
>>Per base sequence quality	pass
#Base	Mean	Median	Lower Quartile	Upper Quartile	10th Percentile	90th Percentile
1	36.800624126857414	38.0	37.0	38.0	35.0	38.0
2	36.59440825879493	38.0	36.0	38.0	35.0	38.0
3	36.569370611608036	38.0	36.0	38.0	35.0	38.0
4	36.52653446305133	38.0	36.0	38.0	35.0	38.0
5	36.55305985449135	38.0	36.0	38.0	35.0	38.0
6	36.63147486256509	38.0	36.0	38.0	35.0	38.0
7	36.51700927118675	38.0	36.0	38.0	35.0	38.0
8	36.403323838380174	38.0	36.0	38.0	34.0	38.0
9	36.41139757243682	38.0	36.0	38.0	34.0	38.0
10-14	36.373619754340766	38.0	36.0	38.0	34.0	38.0
15-19	36.19707894116153	38.0	36.0	38.0	33.0	38.0
20-24	36.02593029373878	38.0	36.0	38.0	33.0	38.0
25-29	35.71900139702814	37.8	35.8	38.0	32.0	38.0
30-34	35.57052814920986	37.0	35.6	38.0	32.0	38.0
35-39	35.25245931382332	37.0	35.0	38.0	31.4	38.0
40-44	34.88858972730736	36.8	35.0	38.0	30.4	38.0
45-49	34.54812489794437	36.6	34.6	38.0	30.0	38.0
50-54	34.047923508173525	36.0	33.4	38.0	28.8	38.0
55-59	33.572832338479955	36.0	33.0	37.8	28.0	38.0
60-64	32.95933378086616	36.0	32.8	37.0	26.4	38.0
65-69	32.28887276157991	36.0	32.0	36.8	24.8	38.0
70-74	31.484536531378705	35.2	31.0	36.0	20.8	38.0
75-79	30.965825425912147	34.8	30.6	36.0	16.8	38.0
80-84	29.882304914999004	34.0	30.0	36.0	3.8	37.2
85-89	28.716802438449115	33.2	28.8	36.0	2.0	36.8
90-94	27.49042945007892	33.0	26.6	36.0	2.0	36.0
95-99	26.06200627755502	32.0	22.8	35.4	2.0	36.0
100	24.843097410962134	31.0	18.0	35.0	2.0	36.0
>>END_MODULE
>>Per sequence quality scores	pass
#Quality	Count
1	2.0
2	153.0
3	24.0
4	29.0
5	31.0
6	51.0
7	66.0
8	66.0
9	85.0
10	122.0
11	123.0
12	172.0
13	176.0
14	210.0
15	216.0
16	220.0
17	263.0
18	284.0
19	339.0
20	369.0
21	396.0
22	471.0
23	500.0
24	636.0
25	740.0
26	823.0
27	987.0
28	1120.0
29	1436.0
30	1587.0
31	1962.0
32	2664.0
33	3534.0
34	4805.0
35	7759.0
36	13032.0
37	9664.0
>>END_MODULE
>>Per base sequence content	fail
#Base	G	A	T	C
1	13.095778072101167	30.95778072101167	35.3121541448192	20.634287062067965
2	23.40112850844567	35.39379864651559	24.4298492298202	16.775223615218536
3	22.626412903459915	31.36781755175354	27.443438503547	18.562331041239545
4	20.89010650071666	30.331839541339335	28.325199121868028	20.452854836075986
5	19.71986864306838	30.767276883720086	30.159478926646948	19.353375546564582
6	20.58711468331005	30.72191882722209	28.408657945824338	20.28230854364352
7	20.919135656875373	29.983489667434732	29.78209989658363	19.315274779106264
8	19.914001124879803	31.31701652847579	29.21784567374857	19.55113667289584
9	19.598309051653754	30.897908086434313	30.016147468113285	19.487635393798648
10-14	19.72966598327195	30.903351053214074	29.98094961627084	19.386033347243135
15-19	19.70317687827712	30.487508391240453	30.4025981094762	19.406716621006222
20-24	20.005805831231743	30.081100205018412	30.10795217446523	19.805141789284615
25-29	20.16111181668088	30.044813759820023	29.863018669376057	19.931055754123047
30-34	20.32222363336176	29.945751764428397	29.69936680153129	20.032657800678557
35-39	20.340121482331327	29.943615642393194	29.703265064571525	20.01299781070395
40-44	20.400170037749835	29.97823662133538	29.654510905305685	19.9670824356091
45-49	20.611454883504734	29.711013305444194	29.602797629423044	20.074734181628028
50-54	20.499725565317274	29.740359345864032	29.58369530843914	20.176219780379554
55-59	20.544897313686782	29.919545119082674	29.443650681121643	20.091906886108898
60-64	20.57566082215466	29.634109574611063	29.618853545755375	20.171376057478906
65-69	20.6890417026715	29.61920806314582	29.34145650737403	20.35029372680865
70-74	20.78478546871252	29.5989940325195	29.288990325558405	20.327230173209575
75-79	20.73947626484582	29.824210946863765	29.299022990593105	20.137289797697306
80-84	20.92724653012092	29.583979281037408	29.123274179722408	20.365500009119263
85-89	21.056842259077957	29.35632351866735	29.15211514575875	20.434719076495945
90-94	21.108578715171415	29.369970832661558	28.984492942676653	20.536957509490378
95-99	21.023339383337778	29.544715862819498	28.82200205237575	20.609942701466974
100	21.150979750608936	29.4634093139928	28.75086341658487	20.63474751881339
>>END_MODULE
>>Per base GC content	warn
#Base	%GC
1	33.73006513416913
2	40.1763521236642
3	41.18874394469946
4	41.34296133679264
5	39.07324418963296
6	40.86942322695357
7	40.23441043598164
8	39.46513779777564
9	39.085944445452405
10-14	39.115699330515085
15-19	39.109893499283345
20-24	39.81094762051636
25-29	40.09216757080393
30-34	40.354881434040315
35-39	40.35311929303528
40-44	40.36725247335893
45-49	40.686189065132766
50-54	40.67594534569683
55-59	40.636804199795684
60-64	40.74703687963356
65-69	41.03933542948015
70-74	41.11201564192209
75-79	40.876766062543126
80-84	41.292746539240184
85-89	41.4915613355739
90-94	41.64553622466179
95-99	41.633282084804755
100	41.78572726942233
>>END_MODULE
>>Per sequence GC content	warn
#GC Content	Count
0	4.0
1	3.5
2	3.0
3	4.5
4	4.0
5	1.5
6	3.5
7	5.5
8	8.5
9	11.0
10	10.0
11	14.0
12	17.5
13	20.0
14	26.0
15	34.0
16	46.5
17	54.5
18	70.0
19	109.5
20	159.0
21	221.0
22	306.5
23	418.0
24	550.0
25	674.0
26	796.5
27	958.5
28	1158.0
29	1302.5
30	1417.5
31	1558.0
32	1648.5
33	1809.5
34	1998.5
35	2149.5
36	2213.5
37	2248.0
38	2308.0
39	2250.5
40	2219.5
41	2121.5
42	1989.5
43	1866.5
44	1708.5
45	1611.0
46	1531.5
47	1477.0
48	1390.0
49	1304.5
50	1255.5
51	1137.0
52	1019.0
53	964.5
54	904.0
55	820.0
56	740.5
57	697.0
58	629.0
59	525.5
60	443.5
61	374.0
62	302.0
63	265.0
64	220.5
65	174.5
66	161.5
67	133.0
68	95.0
69	80.0
70	74.0
71	55.5
72	40.0
73	36.0
74	36.5
75	27.5
76	18.5
77	14.0
78	13.5
79	13.0
80	7.0
81	3.0
82	3.5
83	3.0
84	3.0
85	3.5
86	2.0
87	1.5
88	1.5
89	0.5
90	0.0
91	0.0
92	0.5
93	1.0
94	0.5
95	0.0
96	0.0
97	0.5
98	0.5
99	0.0
100	1.0
>>END_MODULE
>>Per base N content	pass
#Base	N-Count
1	0.0
2	0.0
3	0.0
4	0.0
5	0.0
6	0.0
7	0.0
8	0.0
9	0.0
10-14	0.0
15-19	0.0
20-24	0.0
25-29	0.0
30-34	0.0
35-39	0.05588112560553005
40-44	0.1277282870983544
45-49	0.07583867046464793
50-54	0.1719977502403977
55-59	0.19014097283959577
60-64	0.10305350436344504
65-69	0.05769544786544986
70-74	0.15494312099715152
75-79	0.09253043525591015
80-84	0.5225248108569045
85-89	0.6694849139104088
90-94	0.9713881379610646
95-99	0.6371899776838362
100	0.18687519277174014
>>END_MODULE
>>Sequence Length Distribution	pass
#Length	Count
100	55117.0
>>END_MODULE
>>Sequence Duplication Levels	pass
#Total Duplicate Percentage	0.3628644519839614
#Duplication Level	Relative count
1	100.0
2	0.18209297667388968
3	0.0
4	0.0
5	0.0
6	0.0
7	0.0
8	0.0
9	0.0
10++	0.0
>>END_MODULE
>>Overrepresented sequences	pass
>>END_MODULE
>>Kmer Content	warn
#Sequence	Count	Obs/Exp Overall	Obs/Exp Max	Max Obs/Exp Position
GGGGG	7525	4.008095	9.21279	90-94
CCCAG	9545	3.651634	4.3880734	3
CCCCC	5940	3.4505243	6.893609	95-96
CTGGG	9065	3.4021683	4.17264	40-44
GGAGG	8745	3.17593	4.859823	3
CCAGG	8330	3.1320083	4.1329203	4
AAAAA	39060	3.0659254	4.2764707	9
TTTTT	35770	3.034348	3.754125	15-19
CCTCC	7625	3.0145886	5.1015635	3
CAGGC	7370	2.771057	5.3907666	1
GCTGG	7375	2.7678971	5.380969	3
TGGAG	7730	1.9440775	5.288568	1
>>END_MODULE
